7
7
3 1 3 7 3 4 6
100
87	21	81	83	46	80	29	78	39	67	74	81	33	31	46	97	67	58	19	16	57	18	13	15	37	48	50	89	73	89	17	31	23	32	73	79	29	19	9	59	58	2	68	96	98	91	37	71	4	3	8	36	29	4	94	29	31	50	94	58	36	23	38	97	34	64	53	66	79	31	84	44	100	78	77	25	30	22	70	91	65	38	87	82	50	14	8	12	95	63	69	16	6	18	75	78	43	11	73	2
50
16	8	20	13	11	19	9	11	49	24	35	10	39	45	37	8	11	8	47	26	14	39	50	17	20	47	2	17	31	14	49	6	10	32	15	47	43	46	37	31	21	26	47	32	47	31	16	17	32	16
25
25	25	10	23	14	21	4	16	12	10	4	3	18	5	4	14	8	6	5	10	13	3	1	17	15
9
3 1 3 7 5 4 6 9 8
7
3 1 3 7 3 4 6
8
1 2 3 4 5 6 7 8